# units     : dm/s^2
# time step : 0.02s
0
1.721
2.721
2.721
-1.279
-3.279
-4.279
-4.279
-1.279
-2.279
-2.279
-1.279
-0.279
-0.279
-0.279
1.721
2.721
1.721
-1.279
-0.279
-1.279
-2.279
-1.279
-0.279
0.721
1.721
3.721
4.721
2.721
0.721
-1.279
-2.279
-3.279
-5.279
-4.279
-4.279
-4.279
-4.279
1.721
2.721
5.721
4.721
6.721
4.721
2.721
3.721
2.721
-1.279
-4.279
-8.279
-7.279
-4.279
-4.279
-3.279
-3.279
-0.279
2.721
4.721
4.721
3.721
3.721
3.721
3.721
3.721
2.721
0.721
-2.279
-3.279
-4.279
-4.279
-5.279
-6.279
-3.279
-3.279
-2.279
0.721
2.721
2.721
5.721
2.721
1.721
4.721
2.721
1.721
2.721
0.721
-2.279
-2.279
-1.279
-3.279
-3.279
-2.279
0.721
-0.279
-1.279
0.721
-0.279
-0.279
0.721
1.721
1.721
3.721
1.721
0.721
3.721
-0.279
-1.279
1.721
-0.279
0.721
1.721
-1.279
-1.279
-1.279
-2.279
-0.279
1.721
1.721
-0.279
-1.279
-1.279
-0.279
-2.279
-2.279
1.721
1.721
1.721
2.721
1.721
1.721
3.721
1.721
3.721
-0.279
-1.279
-3.279
-5.279
-4.279
-2.279
-4.279
-4.279
-1.279
-1.279
0.721
1.721
2.721
2.721
7.721
6.721
2.721
-1.279
-7.279
-6.279
-3.279
-3.279
-0.279
-0.279
-3.279
-1.279
2.721
5.721
7.721
6.721
4.721
1.721
-3.279
-3.279
-5.279
-1.279
-1.279
-3.279
-5.279
-4.279
-3.279
-3.279
-0.279
4.721
4.721
4.721
3.721
1.721
-1.279
-4.279
-0.279
-1.279
0.721
-1.279
-2.279
-2.279
-0.279
1.721
8.721
6.721
6.721
4.721
2.721
1.721
3.721
2.721
2.721
0.721
-3.279
-2.279
-3.279
-1.279
-1.279
-4.279
-6.279
-5.279
-4.279
-4.279
-5.279
-3.279
-0.279
2.721
2.721
2.721
1.721
2.721
1.721
1.721
1.721
1.721
-1.279
-1.279
0.721
0.721
-0.279
1.721
5.721
1.721
-2.279
-3.279
-2.279
1.721
-0.279
-0.279
-2.279
-9.279
-11.279
-12.279
-7.279
-6.279
-3.279
-1.279
1.721
5.721
7.721
11.721
13.721
9.721
10.721
6.721
3.721
0.721
-4.279
-9.279
-9.279
-8.279
-0.279
6.721
12.721
14.721
13.721
11.721
7.721
4.721
0.721
-3.279
-8.279
-17.279
-21.279
-24.279
-24.279
-20.279
-18.279
-17.279
-12.279
-6.279
-0.279
-0.279
-0.279
5.721
15.721
24.721
27.721
25.721
26.721
21.721
19.721
18.721
14.721
4.721
-10.279
-21.279
-30.279
-28.279
-27.279
-21.279
-20.279
-17.279
-17.279
-10.279
0.721
10.721
17.721
13.721
14.721
15.721
9.721
6.721
7.721
2.721
-2.279
-7.279
-14.279
-17.279
-10.279
-3.279
16.721
24.721
30.721
28.721
22.721
12.721
7.721
5.721
6.721
0.721
-2.279
-6.279
-15.279
-25.279
-29.279
-24.279
-26.279
-33.279
-38.279
-40.279
-35.279
-24.279
-17.279
7.721
27.721
44.721
53.721
61.721
68.721
69.721
68.721
59.721
43.721
20.721
8.721
-12.279
-35.279
-64.279
-77.279
-84.279
-92.279
-93.279
-74.279
-48.279
-26.279
-6.279
13.721
39.721
63.721
63.721
62.721
59.721
41.721
14.721
-2.279
-12.279
-5.279
-3.279
-10.279
-25.279
-30.279
-31.279
-15.279
1.721
-1.279
1.721
10.721
24.721
26.721
27.721
22.721
13.721
2.721
-10.279
-22.279
-34.279
-46.279
-54.279
-46.279
-32.279
-17.279
4.721
14.721
15.721
24.721
30.721
36.721
43.721
42.721
44.721
40.721
37.721
24.721
6.721
-13.279
-29.279
-31.279
-36.279
-39.279
-44.279
-47.279
-34.279
-3.279
0.721
-1.279
15.721
-1.279
-1.279
28.721
67.721
51.721
24.721
27.721
19.721
-3.279
-18.279
-36.279
-45.279
-46.279
-55.279
-50.279
-26.279
-11.279
9.721
20.721
16.721
26.721
43.721
40.721
31.721
34.721
10.721
5.721
1.721
5.721
1.721
-8.279
-7.279
-5.279
-10.279
-19.279
-22.279
-27.279
-27.279
-26.279
-24.279
-10.279
6.721
17.721
26.721
36.721
39.721
31.721
31.721
32.721
17.721
-1.279
-17.279
-28.279
-40.279
-34.279
-27.279
-27.279
-29.279
-23.279
3.721
28.721
45.721
52.721
51.721
41.721
31.721
14.721
16.721
10.721
-10.279
-26.279
-46.279
-72.279
-86.279
-88.279
-83.279
-58.279
-32.279
-17.279
14.721
36.721
52.721
75.721
88.721
80.721
72.721
67.721
62.721
52.721
34.721
-2.279
-46.279
-72.279
-84.279
-90.279
-86.279
-65.279
-49.279
-39.279
-17.279
-2.279
17.721
40.721
62.721
71.721
67.721
77.721
72.721
69.721
57.721
49.721
33.721
1.721
-22.279
-44.279
-60.279
-79.279
-92.279
-96.279
-86.279
-63.279
-36.279
-12.279
-2.279
8.721
26.721
30.721
40.721
51.721
45.721
30.721
29.721
11.721
-3.279
-17.279
-24.279
-36.279
-35.279
-35.279
-40.279
-30.279
-19.279
-2.279
11.721
27.721
39.721
45.721
46.721
39.721
35.721
25.721
14.721
-4.279
-27.279
-41.279
-45.279
-47.279
-53.279
-49.279
-32.279
-8.279
12.721
11.721
25.721
36.721
41.721
67.721
72.721
80.721
65.721
66.721
26.721
11.721
-14.279
-50.279
-85.279
-95.279
-90.279
-87.279
-93.279
-74.279
-39.279
2.721
14.721
17.721
37.721
54.721
67.721
74.721
80.721
69.721
48.721
38.721
18.721
-2.279
-13.279
-35.279
-79.279
-80.279
-68.279
-66.279
-52.279
-15.279
8.721
0.721
-2.279
18.721
22.721
31.721
43.721
44.721
30.721
27.721
38.721
27.721
29.721
39.721
14.721
-31.279
-46.279
-38.279
-28.279
-1.279
-3.279
-17.279
-32.279
-37.279
-35.279
-26.279
-7.279
-0.279
6.721
3.721
0.721
9.721
15.721
20.721
31.721
45.721
46.721
36.721
28.721
27.721
20.721
8.721
-11.279
-29.279
-46.279
-52.279
-48.279
-32.279
-12.279
-5.279
-10.279
-14.279
-11.279
-6.279
-5.279
3.721
13.721
19.721
16.721
18.721
27.721
25.721
23.721
13.721
6.721
3.721
0.721
-4.279
-15.279
-20.279
-21.279
-20.279
-20.279
-13.279
-1.279
3.721
0.721
15.721
17.721
16.721
22.721
16.721
29.721
22.721
9.721
-13.279
-18.279
-34.279
-46.279
-48.279
-50.279
-50.279
-46.279
-32.279
-8.279
17.721
33.721
43.721
49.721
54.721
57.721
50.721
41.721
29.721
6.721
-9.279
-22.279
-36.279
-44.279
-55.279
-62.279
-46.279
-40.279
-2.279
20.721
33.721
41.721
46.721
49.721
44.721
30.721
21.721
2.721
-17.279
-19.279
-19.279
-22.279
-28.279
-34.279
-39.279
-40.279
-28.279
-6.279
7.721
12.721
14.721
20.721
31.721
39.721
34.721
23.721
12.721
6.721
1.721
-10.279
-21.279
-30.279
-38.279
-37.279
-29.279
-17.279
-7.279
2.721
11.721
11.721
13.721
17.721
17.721
19.721
12.721
9.721
-1.279
-0.279
1.721
3.721
-0.279
-8.279
-5.279
-2.279
-10.279
-2.279
4.721
11.721
16.721
14.721
17.721
21.721
19.721
19.721
10.721
7.721
-4.279
-8.279
-11.279
-19.279
-28.279
-38.279
-39.279
-39.279
-42.279
-32.279
-19.279
-4.279
4.721
10.721
14.721
17.721
25.721
30.721
28.721
26.721
20.721
13.721
10.721
1.721
-0.279
-2.279
-5.279
-5.279
-4.279
-2.279
0.721
6.721
11.721
7.721
5.721
1.721
-1.279
-4.279
-18.279
-23.279
-25.279
-24.279
-20.279
-13.279
-15.279
-14.279
-11.279
-6.279
4.721
7.721
11.721
15.721
15.721
13.721
16.721
16.721
16.721
14.721
15.721
7.721
-3.279
-9.279
-13.279
-17.279
-19.279
-18.279
-19.279
-15.279
-6.279
-1.279
5.721
9.721
13.721
17.721
19.721
19.721
20.721
21.721
19.721
11.721
2.721
-7.279
-15.279
-20.279
-23.279
-23.279
-21.279
-18.279
-12.279
-4.279
0.721
8.721
12.721
16.721
20.721
19.721
11.721
7.721
4.721
1.721
-3.279
-7.279
-10.279
-15.279
-19.279
-17.279
-13.279
-9.279
-7.279
-1.279
3.721
9.721
12.721
14.721
16.721
12.721
9.721
4.721
0.721
-4.279
-7.279
-8.279
-8.279
-8.279
-8.279
-5.279
-1.279
4.721
6.721
4.721
3.721
4.721
4.721
2.721
-0.279
-4.279
-8.279
-10.279
-9.279
-5.279
-0.279
1.721
4.721
5.721
6.721
10.721
14.721
15.721
13.721
6.721
-0.279
-6.279
-9.279
-12.279
-12.279
-14.279
-17.279
-17.279
-14.279
-9.279
-3.279
2.721
7.721
12.721
16.721
17.721
16.721
16.721
15.721
12.721
10.721
6.721
3.721
0.721
-3.279
-5.279
-8.279
-10.279
-12.279
-12.279
-13.279
-13.279
-15.279
-13.279
-9.279
-6.279
-3.279
-2.279
-2.279
-1.279
2.721
6.721
9.721
9.721
10.721
7.721
4.721
4.721
5.721
5.721
2.721
-0.279
-3.279
-2.279
1.721
1.721
1.721
1.721
2.721
4.721
5.721
3.721
2.721
-1.279
-3.279
-7.279
-9.279
-12.279
-13.279
-14.279
-14.279
-13.279
-9.279
-4.279
2.721
11.721
16.721
17.721
16.721
16.721
14.721
9.721
2.721
-6.279
-13.279
-17.279
-21.279
-22.279
-22.279
-20.279
-14.279
-4.279
7.721
19.721
24.721
26.721
27.721
26.721
26.721
22.721
14.721
4.721
-6.279
-17.279
-22.279
-27.279
-29.279
-30.279
-27.279
-23.279
-13.279
-2.279
6.721
12.721
17.721
21.721
23.721
20.721
18.721
15.721
10.721
4.721
-0.279
-5.279
-10.279
-15.279
-18.279
-20.279
-18.279
-17.279
-12.279
-8.279
-3.279
0.721
6.721
12.721
15.721
17.721
18.721
17.721
14.721
9.721
6.721
1.721
-4.279
-10.279
-16.279
-20.279
-23.279
-23.279
-20.279
-15.279
-7.279
0.721
9.721
16.721
20.721
23.721
23.721
20.721
14.721
8.721
2.721
-1.279
-7.279
-11.279
-15.279
-18.279
-17.279
-13.279
-8.279
-4.279
0.721
5.721
11.721
14.721
15.721
15.721
12.721
9.721
5.721
0.721
-3.279
-7.279
-10.279
-11.279
-12.279
-14.279
-15.279
-13.279
-11.279
-8.279
-2.279
1.721
3.721
4.721
4.721
4.721
6.721
8.721
11.721
9.721
6.721
4.721
2.721
2.721
4.721
3.721
1.721
-0.279
-3.279
-6.279
-7.279
-8.279
-9.279
-10.279
-10.279
-9.279
-5.279
-1.279
1.721
2.721
4.721
4.721
5.721
8.721
10.721
10.721
9.721
6.721
3.721
1.721
-2.279
-4.279
-5.279
-7.279
-6.279
-4.279
-2.279
-1.279
-3.279
-4.279
-5.279
-7.279
-7.279
-6.279
-7.279
-7.279
-5.279
-2.279
1.721
4.721
7.721
10.721
11.721
11.721
12.721
12.721
11.721
10.721
3.721
-2.279
-6.279
-7.279
-9.279
-11.279
-10.279
-10.279
-8.279
-4.279
-0.279
2.721
4.721
5.721
2.721
2.721
3.721
3.721
4.721
5.721
4.721
3.721
2.721
0.721
-1.279
-1.279
-3.279
-4.279
-6.279
-7.279
-6.279
-6.279
-5.279
-4.279
-3.279
-1.279
-0.279
1.721
3.721
3.721
4.721
3.721
3.721
1.721
2.721
2.721
3.721
4.721
5.721
4.721
4.721
2.721
1.721
-0.279
-1.279
-1.279
-2.279
-4.279
-7.279
-8.279
-9.279
-8.279
-6.279
-3.279
-1.279
-1.279
0.721
2.721
5.721
7.721
8.721
8.721
7.721
5.721
3.721
1.721
0.721
-1.279
-3.279
-5.279
-5.279
-5.279
-5.279
-4.279
-3.279
-2.279
-0.279
1.721
1.721
2.721
2.721
1.721
-0.279
-0.279
-2.279
-2.279
-2.279
-3.279
-2.279
-1.279
-0.279
2.721
4.721
6.721
9.721
10.721
9.721
6.721
2.721
-1.279
-5.279
-9.279
-13.279
-17.279
-17.279
-17.279
-13.279
-8.279
-4.279
-1.279
2.721
5.721
9.721
13.721
15.721
16.721
17.721
15.721
13.721
9.721
5.721
0.721
-3.279
-7.279
-11.279
-14.279
-15.279
-15.279
-14.279
-13.279
-11.279
-8.279
-3.279
2.721
7.721
11.721
13.721
14.721
15.721
13.721
10.721
5.721
1.721
-2.279
-5.279
-8.279
-10.279
-11.279
-11.279
-8.279
-4.279
-1.279
0.721
1.721
3.721
3.721
2.721
3.721
3.721
1.721
0.721
-0.279
-2.279
-3.279
-4.279
-4.279
-3.279
-1.279
0.721
2.721
4.721
6.721
7.721
6.721
5.721
5.721
3.721
2.721
0.721
-2.279
-5.279
-8.279
-10.279
-11.279
-11.279
-10.279
-7.279
-4.279
-1.279
1.721
3.721
6.721
7.721
9.721
8.721
8.721
7.721
4.721
2.721
-1.279
-2.279
-4.279
-4.279
-4.279
-4.279
-3.279
-1.279
1.721
4.721
5.721
6.721
6.721
5.721
4.721
1.721
-1.279
-4.279
-5.279
-7.279
-7.279
-8.279
-8.279
-8.279
-7.279
-6.279
-3.279
-0.279
1.721
3.721
5.721
7.721
9.721
8.721
7.721
4.721
1.721
-1.279
-2.279
-4.279
-4.279
-5.279
-5.279
-5.279
-5.279
-3.279
-1.279
1.721
2.721
3.721
5.721
6.721
7.721
8.721
7.721
5.721
2.721
0.721
-1.279
-3.279
-4.279
-5.279
-6.279
-7.279
-7.279
-5.279
-2.279
0.721
2.721
3.721
4.721
5.721
6.721
5.721
4.721
1.721
-1.279
-3.279
-5.279
-6.279
-7.279
-7.279
-6.279
-5.279
-4.279
-1.279
0.721
2.721
4.721
5.721
6.721
6.721
5.721
3.721
0.721
-0.279
-1.279
-1.279
-1.279
-1.279
-0.279
0.721
1.721
2.721
2.721
2.721
1.721
0.721
-1.279
-3.279
-4.279
-6.279
-7.279
-7.279
-8.279
-6.279
-3.279
-0.279
2.721
5.721
7.721
8.721
8.721
8.721
7.721
5.721
4.721
1.721
0.721
-0.279
-1.279
-1.279
-4.279
-4.279
-5.279
-5.279
-5.279
-4.279
-4.279
-3.279
-1.279
-0.279
-0.279
0.721
0.721
0.721
0.721
0.721
1.721
1.721
2.721
2.721
3.721
3.721
3.721
3.721
2.721
2.721
1.721
1.721
0.721
0.721
-0.279
-1.279
-1.279
-0.279
-2.279
-3.279
-3.279
-3.279
-4.279
-4.279
-4.279
-3.279
-2.279
-2.279
-1.279
-0.279
0.721
1.721
1.721
2.721
2.721
2.721
3.721
2.721
2.721
1.721
1.721
0.721
-0.279
-1.279
-2.279
-2.279
-3.279
-3.279
-2.279
-1.279
-0.279
0.721
-0.279
-0.279
-0.279
-0.279
-0.279
-0.279
-0.279
0.721
1.721
2.721
2.721
3.721
2.721
1.721
1.721
0.721
-0.279
-1.279
-0.279
-1.279
-2.279
-2.279
-2.279
-3.279
-3.279
-2.279
-1.279
-0.279
0.721
2.721
3.721
5.721
5.721
6.721
5.721
4.721
3.721
1.721
-0.279
-2.279
-5.279
-7.279
-8.279
-10.279
-9.279
-9.279
-7.279
-5.279
-3.279
-1.279
0.721
2.721
4.721
6.721
8.721
8.721
7.721
6.721
3.721
1.721
-0.279
-2.279
-3.279
-5.279
-6.279
-5.279
-4.279
-2.279
-1.279
0.721
1.721
2.721
3.721
3.721
3.721
3.721
2.721
0.721
1.721
-1.279
-1.279
-1.279
-2.279
-2.279
-2.279
-2.279
-1.279
-0.279
0.721
2.721
2.721
3.721
4.721
5.721
4.721
4.721
2.721
1.721
0.721
-1.279
-2.279
-4.279
-5.279
-6.279
-7.279
-7.279
-6.279
-5.279
-3.279
-0.279
1.721
3.721
4.721
4.721
4.721
4.721
4.721
3.721
1.721
0.721
-0.279
-1.279
-2.279
-2.279
-0.279
-2.279
-2.279
-1.279
-0.279
-0.279
0.721
1.721
2.721
1.721
1.721
0.721
0.721
-1.279
-2.279
-2.279
-3.279
-3.279
-3.279
-3.279
-2.279
-1.279
-1.279
-0.279
-0.279
-0.279
-0.279
0.721
1.721
1.721
1.721
2.721
2.721
2.721
2.721
2.721
1.721
0.721
-1.279
-2.279
-3.279
-4.279
-3.279
-4.279
-4.279
-3.279
-2.279
-0.279
1.721
